0.1
0.0
1.1786 | 0.0 | 0.3207 | 0.0 | 0.0 | -0.6065 | 
0.0 | 0.0 | 0.0 | 0.0 | 0.0 | 0.0 | 
0.0 | 0.0 | 0.0 | 0.0 | 0.0 | 
0.0 | -1.5708 | 1.5708 | 0.0 | -1.5708 | 
1.1786 | 0.0 | 0.3207 | 0.0 | 0.0 | -0.6065 | 
0.0 | 0.0 | 0.0 | 0.0 | 0.0 | 0.0 | 

0.2
7.0E-4
1.1777 | 9.0E-4 | 0.3207 | 0.0 | 0.0 | -0.6065 | 
-0.0087 | 0.0087 | 0.0 | 0.0 | 0.0 | 0.0 | 
0.0074 | -0.0057 | -0.0382 | 0.0438 | 0.0 | 
7.0E-4 | -1.5714 | 1.567 | 0.0044 | -1.5708 | 
1.1785 | 9.0E-4 | 0.3217 | 0.0 | 0.0 | -0.6065 | 
-7.0E-4 | 0.0 | -0.001 | 0.0 | 0.0 | 0.0 | 

0.3
0.003
1.1751 | 0.0035 | 0.3207 | 0.0 | 0.0 | -0.6065 | 
-0.0262 | 0.0262 | 0.0 | 0.0 | 0.0 | 0.0 | 
0.0223 | -0.016 | -0.1141 | 0.13 | 0.0 | 
0.003 | -1.573 | 1.5556 | 0.0174 | -1.5708 | 
1.1781 | 0.0035 | 0.3247 | 0.0 | 0.0 | -0.6065 | 
-0.003 | 0.0 | -0.004 | 0.0 | 0.0 | 0.0 | 

0.4
0.0067
1.1707 | 0.0079 | 0.3207 | 0.0 | 0.0 | -0.6065 | 
-0.0437 | 0.0437 | 0.0 | 0.0 | 0.0 | 0.0 | 
0.0373 | -0.0235 | -0.1875 | 0.211 | 0.0 | 
0.0067 | -1.5753 | 1.5368 | 0.0385 | -1.5708 | 
1.1774 | 0.0079 | 0.3295 | 0.0 | 0.0 | -0.6065 | 
-0.0066 | 0.0 | -0.0088 | 0.0 | 0.0 | 0.0 | 

0.5
0.0119
1.1646 | 0.014 | 0.3207 | 0.0 | 0.0 | -0.6065 | 
-0.0611 | 0.0611 | 0.0 | 0.0 | 0.0 | 0.0 | 
0.0525 | -0.0275 | -0.2566 | 0.2841 | 0.0 | 
0.0119 | -1.5781 | 1.5112 | 0.0669 | -1.5708 | 
1.1763 | 0.0141 | 0.336 | 0.0 | 0.0 | -0.6065 | 
-0.0117 | -1.0E-4 | -0.0153 | 0.0 | 0.0 | 0.0 | 

0.6
0.0185
1.1568 | 0.0218 | 0.3207 | 0.0 | 0.0 | -0.6065 | 
-0.0786 | 0.0786 | 0.0 | 0.0 | 0.0 | 0.0 | 
0.0683 | -0.0275 | -0.3195 | 0.347 | 0.0 | 
0.0188 | -1.5808 | 1.4792 | 0.1016 | -1.5708 | 
1.1749 | 0.0221 | 0.3439 | 0.0 | 0.0 | -0.6065 | 
-0.0182 | -2.0E-4 | -0.0232 | 0.0 | 0.0 | 0.0 | 

0.7
0.0267
1.1472 | 0.0314 | 0.3207 | 0.0 | 0.0 | -0.6065 | 
-0.096 | 0.096 | 0.0 | 0.0 | 0.0 | 0.0 | 
0.0846 | -0.0232 | -0.3746 | 0.3979 | 0.0 | 
0.0272 | -1.5831 | 1.4417 | 0.1414 | -1.5708 | 
1.1731 | 0.0319 | 0.3529 | 0.0 | 0.0 | -0.6065 | 
-0.0259 | -5.0E-4 | -0.0322 | 0.0 | 0.0 | 0.0 | 

0.8
0.0363
1.1358 | 0.0428 | 0.3207 | 0.0 | 0.0 | -0.6065 | 
-0.1135 | 0.1135 | 0.0 | 0.0 | 0.0 | 0.0 | 
0.1016 | -0.015 | -0.4206 | 0.4356 | 0.0 | 
0.0374 | -1.5846 | 1.3997 | 0.1849 | -1.5708 | 
1.1707 | 0.0438 | 0.3627 | 0.0 | 0.0 | -0.6065 | 
-0.0349 | -0.001 | -0.042 | 0.0 | 0.0 | 0.0 | 

0.9
0.0474
1.1227 | 0.0559 | 0.3207 | 0.0 | 0.0 | -0.6065 | 
-0.131 | 0.131 | 0.0 | 0.0 | 0.0 | 0.0 | 
0.1195 | -0.0032 | -0.4561 | 0.4594 | 0.0 | 
0.0493 | -1.585 | 1.3541 | 0.2309 | -1.5708 | 
1.1679 | 0.0577 | 0.373 | 0.0 | 0.0 | -0.6065 | 
-0.0451 | -0.0018 | -0.0523 | 0.0 | 0.0 | 0.0 | 

1.0
0.06
1.1079 | 0.0707 | 0.3207 | 0.0 | 0.0 | -0.6065 | 
-0.1484 | 0.1484 | 0.0 | 0.0 | 0.0 | 0.0 | 
0.1384 | 0.0112 | -0.48 | 0.4688 | 0.0 | 
0.0632 | -1.5838 | 1.3061 | 0.2778 | -1.5708 | 
1.1645 | 0.0737 | 0.3834 | 0.0 | 0.0 | -0.6065 | 
-0.0566 | -0.003 | -0.0627 | 0.0 | 0.0 | 0.0 | 

1.1
0.0741
1.0913 | 0.0873 | 0.3207 | 0.0 | 0.0 | -0.6065 | 
-0.1659 | 0.1659 | 0.0 | 0.0 | 0.0 | 0.0 | 
0.1586 | 0.0275 | -0.4911 | 0.4636 | 0.0 | 
0.079 | -1.5811 | 1.257 | 0.3241 | -1.5708 | 
1.1607 | 0.0919 | 0.3935 | 0.0 | 0.0 | -0.6065 | 
-0.0694 | -0.0046 | -0.0728 | 0.0 | 0.0 | 0.0 | 

1.2
0.0896
1.073 | 0.1056 | 0.3207 | 0.0 | 0.0 | -0.6065 | 
-0.1833 | 0.1833 | 0.0 | 0.0 | 0.0 | 0.0 | 
0.1803 | 0.0447 | -0.4882 | 0.4435 | 0.0 | 
0.0971 | -1.5766 | 1.2081 | 0.3685 | -1.5708 | 
1.1565 | 0.1126 | 0.403 | 0.0 | 0.0 | -0.6065 | 
-0.0835 | -0.007 | -0.0823 | 0.0 | 0.0 | 0.0 | 

1.3
0.1067
1.0529 | 0.1257 | 0.3207 | 0.0 | 0.0 | -0.6065 | 
-0.2008 | 0.2008 | 0.0 | 0.0 | 0.0 | 0.0 | 
0.2036 | 0.062 | -0.4703 | 0.4083 | 0.0 | 
0.1174 | -1.5704 | 1.1611 | 0.4093 | -1.5708 | 
1.1518 | 0.1359 | 0.4117 | 0.0 | 0.0 | -0.6065 | 
-0.0989 | -0.0102 | -0.091 | 0.0 | 0.0 | 0.0 | 

1.4
0.1252
1.0311 | 0.1475 | 0.3207 | 0.0 | 0.0 | -0.6065 | 
-0.2183 | 0.2183 | 0.0 | 0.0 | 0.0 | 0.0 | 
0.2288 | 0.0785 | -0.4364 | 0.3579 | 0.0 | 
0.1403 | -1.5626 | 1.1175 | 0.4451 | -1.5708 | 
1.1468 | 0.162 | 0.4191 | 0.0 | 0.0 | -0.6065 | 
-0.1158 | -0.0144 | -0.0984 | 0.0 | 0.0 | 0.0 | 

1.5
0.1452
1.0075 | 0.1711 | 0.3207 | 0.0 | 0.0 | -0.6065 | 
-0.2357 | 0.2357 | 0.0 | 0.0 | 0.0 | 0.0 | 
0.2561 | 0.0936 | -0.386 | 0.2924 | 0.0 | 
0.1659 | -1.5532 | 1.0789 | 0.4743 | -1.5708 | 
1.1415 | 0.1911 | 0.4251 | 0.0 | 0.0 | -0.6065 | 
-0.134 | -0.02 | -0.1044 | 0.0 | 0.0 | 0.0 | 

1.6
0.1667
0.9822 | 0.1964 | 0.3207 | 0.0 | 0.0 | -0.6065 | 
-0.2532 | 0.2532 | 0.0 | 0.0 | 0.0 | 0.0 | 
0.2857 | 0.1066 | -0.3194 | 0.2128 | 0.0 | 
0.1945 | -1.5425 | 1.0469 | 0.4956 | -1.5708 | 
1.1357 | 0.2237 | 0.4293 | 0.0 | 0.0 | -0.6065 | 
-0.1536 | -0.0273 | -0.1086 | 0.0 | 0.0 | 0.0 | 

1.7
0.1889
0.956 | 0.2226 | 0.3207 | 0.0 | 0.0 | -0.6065 | 
-0.2619 | 0.2619 | 0.0 | 0.0 | 0.0 | 0.0 | 
0.3077 | 0.1127 | -0.2305 | 0.1178 | 0.0 | 
0.2253 | -1.5313 | 1.0239 | 0.5074 | -1.5708 | 
1.1296 | 0.2588 | 0.4316 | 0.0 | 0.0 | -0.6065 | 
-0.1736 | -0.0362 | -0.1109 | 0.0 | 0.0 | 0.0 | 

1.8
0.2111
0.9298 | 0.2488 | 0.3207 | 0.0 | 0.0 | -0.6065 | 
-0.2619 | 0.2619 | 0.0 | 0.0 | 0.0 | 0.0 | 
0.3204 | 0.1099 | -0.1356 | 0.0256 | 0.0 | 
0.2573 | -1.5203 | 1.0103 | 0.5099 | -1.5708 | 
1.1228 | 0.2955 | 0.432 | 0.0 | 0.0 | -0.6065 | 
-0.1931 | -0.0466 | -0.1113 | 0.0 | 0.0 | 0.0 | 

1.9
0.2333
0.9036 | 0.275 | 0.3207 | 0.0 | 0.0 | -0.6065 | 
-0.2619 | 0.2619 | 0.0 | 0.0 | 0.0 | 0.0 | 
0.3332 | 0.1022 | -0.0511 | -0.0511 | 0.0 | 
0.2906 | -1.51 | 1.0052 | 0.5048 | -1.5708 | 
1.1152 | 0.3335 | 0.4308 | 0.0 | 0.0 | -0.6065 | 
-0.2116 | -0.0585 | -0.1101 | 0.0 | 0.0 | 0.0 | 

2.0
0.2556
0.8774 | 0.3012 | 0.3207 | 0.0 | 0.0 | -0.6065 | 
-0.2619 | 0.2619 | 0.0 | 0.0 | 0.0 | 0.0 | 
0.346 | 0.09 | 0.0212 | -0.1111 | 0.0 | 
0.3252 | -1.5011 | 1.0073 | 0.4937 | -1.5708 | 
1.106 | 0.373 | 0.4285 | 0.0 | 0.0 | -0.6065 | 
-0.2286 | -0.0718 | -0.1078 | 0.0 | 0.0 | 0.0 | 

2.1
0.2778
0.8512 | 0.3274 | 0.3207 | 0.0 | 0.0 | -0.6065 | 
-0.2619 | 0.2619 | 0.0 | 0.0 | 0.0 | 0.0 | 
0.3587 | 0.0736 | 0.0801 | -0.1537 | 0.0 | 
0.3611 | -1.4937 | 1.0153 | 0.4783 | -1.5708 | 
1.0951 | 0.4136 | 0.4252 | 0.0 | 0.0 | -0.6065 | 
-0.2439 | -0.0862 | -0.1045 | 0.0 | 0.0 | 0.0 | 

2.2
0.3
0.825 | 0.3536 | 0.3207 | 0.0 | 0.0 | -0.6065 | 
-0.2619 | 0.2619 | 0.0 | 0.0 | 0.0 | 0.0 | 
0.3711 | 0.0538 | 0.1252 | -0.179 | 0.0 | 
0.3982 | -1.4883 | 1.0279 | 0.4604 | -1.5708 | 
1.0818 | 0.4551 | 0.4215 | 0.0 | 0.0 | -0.6065 | 
-0.2568 | -0.1015 | -0.1008 | 0.0 | 0.0 | 0.0 | 

2.3
0.3222
0.7988 | 0.3798 | 0.3207 | 0.0 | 0.0 | -0.6065 | 
-0.2619 | 0.2619 | 0.0 | 0.0 | 0.0 | 0.0 | 
0.3831 | 0.0312 | 0.1567 | -0.1878 | 0.0 | 
0.4365 | -1.4852 | 1.0435 | 0.4417 | -1.5708 | 
1.0659 | 0.4973 | 0.4176 | 0.0 | 0.0 | -0.6065 | 
-0.2671 | -0.1175 | -0.0969 | 0.0 | 0.0 | 0.0 | 

2.4
0.3444
0.7726 | 0.406 | 0.3207 | 0.0 | 0.0 | -0.6065 | 
-0.2619 | 0.2619 | 0.0 | 0.0 | 0.0 | 0.0 | 
0.3946 | 0.0067 | 0.1751 | -0.1818 | 0.0 | 
0.476 | -1.4845 | 1.061 | 0.4235 | -1.5708 | 
1.0472 | 0.5398 | 0.4138 | 0.0 | 0.0 | -0.6065 | 
-0.2745 | -0.1339 | -0.0931 | 0.0 | 0.0 | 0.0 | 

2.5
0.3667
0.7464 | 0.4322 | 0.3207 | 0.0 | 0.0 | -0.6065 | 
-0.2619 | 0.2619 | 0.0 | 0.0 | 0.0 | 0.0 | 
0.4052 | -0.0187 | 0.1814 | -0.1626 | 0.0 | 
0.5165 | -1.4864 | 1.0792 | 0.4072 | -1.5708 | 
1.0254 | 0.5823 | 0.4104 | 0.0 | 0.0 | -0.6065 | 
-0.2789 | -0.1502 | -0.0897 | 0.0 | 0.0 | 0.0 | 

2.6
0.3889
0.7203 | 0.4583 | 0.3207 | 0.0 | 0.0 | -0.6065 | 
-0.2619 | 0.2619 | 0.0 | 0.0 | 0.0 | 0.0 | 
0.4149 | -0.0443 | 0.1767 | -0.1325 | 0.0 | 
0.558 | -1.4908 | 1.0969 | 0.394 | -1.5708 | 
1.0005 | 0.6244 | 0.4077 | 0.0 | 0.0 | -0.6065 | 
-0.2802 | -0.1661 | -0.087 | 0.0 | 0.0 | 0.0 | 

2.7
0.4111
0.6941 | 0.4845 | 0.3207 | 0.0 | 0.0 | -0.6065 | 
-0.2619 | 0.2619 | 0.0 | 0.0 | 0.0 | 0.0 | 
0.4235 | -0.0691 | 0.1624 | -0.0933 | 0.0 | 
0.6003 | -1.4977 | 1.1131 | 0.3846 | -1.5708 | 
0.9725 | 0.6658 | 0.4059 | 0.0 | 0.0 | -0.6065 | 
-0.2784 | -0.1813 | -0.0852 | 0.0 | 0.0 | 0.0 | 

2.8
0.4333
0.6679 | 0.5107 | 0.3207 | 0.0 | 0.0 | -0.6065 | 
-0.2619 | 0.2619 | 0.0 | 0.0 | 0.0 | 0.0 | 
0.4308 | -0.0928 | 0.14 | -0.0473 | 0.0 | 
0.6434 | -1.507 | 1.1271 | 0.3799 | -1.5708 | 
0.9415 | 0.7061 | 0.405 | 0.0 | 0.0 | -0.6065 | 
-0.2737 | -0.1953 | -0.0843 | 0.0 | 0.0 | 0.0 | 

2.9
0.4556
0.6417 | 0.5369 | 0.3207 | 0.0 | 0.0 | -0.6065 | 
-0.2619 | 0.2619 | 0.0 | 0.0 | 0.0 | 0.0 | 
0.4367 | -0.1148 | 0.1109 | 0.0039 | 0.0 | 
0.6871 | -1.5185 | 1.1382 | 0.3803 | -1.5708 | 
0.9078 | 0.7448 | 0.4052 | 0.0 | 0.0 | -0.6065 | 
-0.2661 | -0.2079 | -0.0845 | 0.0 | 0.0 | 0.0 | 

3.0
0.4778
0.6155 | 0.5631 | 0.3207 | 0.0 | 0.0 | -0.6065 | 
-0.2619 | 0.2619 | 0.0 | 0.0 | 0.0 | 0.0 | 
0.441 | -0.1352 | 0.0768 | 0.0583 | 0.0 | 
0.7312 | -1.532 | 1.1459 | 0.3861 | -1.5708 | 
0.8714 | 0.7817 | 0.4066 | 0.0 | 0.0 | -0.6065 | 
-0.2559 | -0.2186 | -0.0859 | 0.0 | 0.0 | 0.0 | 

3.1
0.5
0.5893 | 0.5893 | 0.3207 | 0.0 | 0.0 | -0.6065 | 
-0.2619 | 0.2619 | 0.0 | 0.0 | 0.0 | 0.0 | 
0.4436 | -0.1537 | 0.0393 | 0.1144 | 0.0 | 
0.7755 | -1.5474 | 1.1498 | 0.3976 | -1.5708 | 
0.8327 | 0.8164 | 0.4091 | 0.0 | 0.0 | -0.6065 | 
-0.2434 | -0.2271 | -0.0884 | 0.0 | 0.0 | 0.0 | 

3.2
0.5222
0.5631 | 0.6155 | 0.3207 | 0.0 | 0.0 | -0.6065 | 
-0.2619 | 0.2619 | 0.0 | 0.0 | 0.0 | 0.0 | 
0.4444 | -0.1705 | 0.0 | 0.1705 | 0.0 | 
0.82 | -1.5644 | 1.1498 | 0.4146 | -1.5708 | 
0.7918 | 0.8486 | 0.4128 | 0.0 | 0.0 | -0.6065 | 
-0.2287 | -0.2331 | -0.0921 | 0.0 | 0.0 | 0.0 | 

3.3
0.5444
0.5369 | 0.6417 | 0.3207 | 0.0 | 0.0 | -0.6065 | 
-0.2619 | 0.2619 | 0.0 | 0.0 | 0.0 | 0.0 | 
0.4436 | -0.1858 | -0.0393 | 0.225 | 0.0 | 
0.8643 | -1.583 | 1.1459 | 0.4371 | -1.5708 | 
0.7493 | 0.8781 | 0.4175 | 0.0 | 0.0 | -0.6065 | 
-0.2124 | -0.2364 | -0.0968 | 0.0 | 0.0 | 0.0 | 

3.4
0.5667
0.5107 | 0.6679 | 0.3207 | 0.0 | 0.0 | -0.6065 | 
-0.2619 | 0.2619 | 0.0 | 0.0 | 0.0 | 0.0 | 
0.441 | -0.1995 | -0.0768 | 0.2763 | 0.0 | 
0.9084 | -1.603 | 1.1382 | 0.4648 | -1.5708 | 
0.7054 | 0.9045 | 0.423 | 0.0 | 0.0 | -0.6065 | 
-0.1946 | -0.2366 | -0.1023 | 0.0 | 0.0 | 0.0 | 

3.5
0.5889
0.4845 | 0.6941 | 0.3207 | 0.0 | 0.0 | -0.6065 | 
-0.2619 | 0.2619 | 0.0 | 0.0 | 0.0 | 0.0 | 
0.4367 | -0.2117 | -0.1109 | 0.3226 | 0.0 | 
0.9521 | -1.6241 | 1.1271 | 0.497 | -1.5708 | 
0.6604 | 0.9277 | 0.4294 | 0.0 | 0.0 | -0.6065 | 
-0.1759 | -0.2336 | -0.1087 | 0.0 | 0.0 | 0.0 | 

3.6
0.6111
0.4583 | 0.7203 | 0.3207 | 0.0 | 0.0 | -0.6065 | 
-0.2619 | 0.2619 | 0.0 | 0.0 | 0.0 | 0.0 | 
0.4308 | -0.2222 | -0.14 | 0.3622 | 0.0 | 
0.9952 | -1.6464 | 1.1131 | 0.5333 | -1.5708 | 
0.6149 | 0.9476 | 0.4363 | 0.0 | 0.0 | -0.6065 | 
-0.1565 | -0.2273 | -0.1156 | 0.0 | 0.0 | 0.0 | 

3.7
0.6333
0.4322 | 0.7464 | 0.3207 | 0.0 | 0.0 | -0.6065 | 
-0.2619 | 0.2619 | 0.0 | 0.0 | 0.0 | 0.0 | 
0.4235 | -0.2309 | -0.1624 | 0.3933 | 0.0 | 
1.0375 | -1.6694 | 1.0969 | 0.5726 | -1.5708 | 
0.5691 | 0.9642 | 0.4434 | 0.0 | 0.0 | -0.6065 | 
-0.137 | -0.2177 | -0.1227 | 0.0 | 0.0 | 0.0 | 

3.8
0.6556
0.406 | 0.7726 | 0.3207 | 0.0 | 0.0 | -0.6065 | 
-0.2619 | 0.2619 | 0.0 | 0.0 | 0.0 | 0.0 | 
0.4149 | -0.2372 | -0.1767 | 0.4139 | 0.0 | 
1.079 | -1.6932 | 1.0792 | 0.614 | -1.5708 | 
0.5236 | 0.9775 | 0.4507 | 0.0 | 0.0 | -0.6065 | 
-0.1177 | -0.2049 | -0.13 | 0.0 | 0.0 | 0.0 | 

3.9
0.6778
0.3798 | 0.7988 | 0.3207 | 0.0 | 0.0 | -0.6065 | 
-0.2619 | 0.2619 | 0.0 | 0.0 | 0.0 | 0.0 | 
0.4052 | -0.2408 | -0.1814 | 0.4221 | 0.0 | 
1.1196 | -1.7172 | 1.061 | 0.6562 | -1.5708 | 
0.4787 | 0.9879 | 0.4577 | 0.0 | 0.0 | -0.6065 | 
-0.0989 | -0.1891 | -0.137 | 0.0 | 0.0 | 0.0 | 

4.0
0.7
0.3536 | 0.825 | 0.3207 | 0.0 | 0.0 | -0.6065 | 
-0.2619 | 0.2619 | 0.0 | 0.0 | 0.0 | 0.0 | 
0.3946 | -0.241 | -0.1751 | 0.4161 | 0.0 | 
1.159 | -1.7413 | 1.0435 | 0.6978 | -1.5708 | 
0.4348 | 0.9956 | 0.4643 | 0.0 | 0.0 | -0.6065 | 
-0.0812 | -0.1705 | -0.1436 | 0.0 | 0.0 | 0.0 | 

4.1
0.7222
0.3274 | 0.8512 | 0.3207 | 0.0 | 0.0 | -0.6065 | 
-0.2619 | 0.2619 | 0.0 | 0.0 | 0.0 | 0.0 | 
0.3831 | -0.2373 | -0.1567 | 0.394 | 0.0 | 
1.1973 | -1.7651 | 1.0279 | 0.7372 | -1.5708 | 
0.3922 | 1.001 | 0.4701 | 0.0 | 0.0 | -0.6065 | 
-0.0649 | -0.1498 | -0.1494 | 0.0 | 0.0 | 0.0 | 

4.2
0.7444
0.3012 | 0.8774 | 0.3207 | 0.0 | 0.0 | -0.6065 | 
-0.2619 | 0.2619 | 0.0 | 0.0 | 0.0 | 0.0 | 
0.3711 | -0.2293 | -0.1252 | 0.3545 | 0.0 | 
1.2344 | -1.788 | 1.0153 | 0.7726 | -1.5708 | 
0.3513 | 1.0048 | 0.4749 | 0.0 | 0.0 | -0.6065 | 
-0.0501 | -0.1274 | -0.1542 | 0.0 | 0.0 | 0.0 | 

4.3
0.7667
0.275 | 0.9036 | 0.3207 | 0.0 | 0.0 | -0.6065 | 
-0.2619 | 0.2619 | 0.0 | 0.0 | 0.0 | 0.0 | 
0.3587 | -0.2168 | -0.0801 | 0.2969 | 0.0 | 
1.2703 | -1.8097 | 1.0073 | 0.8023 | -1.5708 | 
0.3122 | 1.0075 | 0.4786 | 0.0 | 0.0 | -0.6065 | 
-0.0372 | -0.1039 | -0.1579 | 0.0 | 0.0 | 0.0 | 

4.4
0.7889
0.2488 | 0.9298 | 0.3207 | 0.0 | 0.0 | -0.6065 | 
-0.2619 | 0.2619 | 0.0 | 0.0 | 0.0 | 0.0 | 
0.346 | -0.1999 | -0.0212 | 0.2211 | 0.0 | 
1.3049 | -1.8297 | 1.0052 | 0.8244 | -1.5708 | 
0.275 | 1.0099 | 0.4809 | 0.0 | 0.0 | -0.6065 | 
-0.0262 | -0.0801 | -0.1602 | 0.0 | 0.0 | 0.0 | 

4.5
0.8111
0.2226 | 0.956 | 0.3207 | 0.0 | 0.0 | -0.6065 | 
-0.2619 | 0.2619 | 0.0 | 0.0 | 0.0 | 0.0 | 
0.3332 | -0.179 | 0.0511 | 0.1279 | 0.0 | 
1.3382 | -1.8476 | 1.0103 | 0.8372 | -1.5708 | 
0.2398 | 1.0126 | 0.4818 | 0.0 | 0.0 | -0.6065 | 
-0.0172 | -0.0566 | -0.1611 | 0.0 | 0.0 | 0.0 | 

4.6
0.8333
0.1964 | 0.9822 | 0.3207 | 0.0 | 0.0 | -0.6065 | 
-0.2619 | 0.2619 | 0.0 | 0.0 | 0.0 | 0.0 | 
0.3204 | -0.1545 | 0.1356 | 0.019 | 0.0 | 
1.3703 | -1.863 | 1.0239 | 0.8391 | -1.5708 | 
0.2065 | 1.0161 | 0.4811 | 0.0 | 0.0 | -0.6065 | 
-0.0101 | -0.0339 | -0.1604 | 0.0 | 0.0 | 0.0 | 

4.7
0.8548
0.1711 | 1.0075 | 0.3207 | 0.0 | 0.0 | -0.6065 | 
-0.2532 | 0.2532 | 0.0 | 0.0 | 0.0 | 0.0 | 
0.2974 | -0.1231 | 0.2228 | -0.0998 | 0.0 | 
1.4 | -1.8753 | 1.0462 | 0.8292 | -1.5708 | 
0.176 | 1.0208 | 0.4787 | 0.0 | 0.0 | -0.6065 | 
-0.0049 | -0.0133 | -0.158 | 0.0 | 0.0 | 0.0 | 

4.8
0.8748
0.1475 | 1.0311 | 0.3207 | 0.0 | 0.0 | -0.6065 | 
-0.2357 | 0.2357 | 0.0 | 0.0 | 0.0 | 0.0 | 
0.266 | -0.0877 | 0.2974 | -0.2097 | 0.0 | 
1.4266 | -1.8841 | 1.0759 | 0.8082 | -1.5708 | 
0.149 | 1.0267 | 0.4749 | 0.0 | 0.0 | -0.6065 | 
-0.0015 | 0.0044 | -0.1542 | 0.0 | 0.0 | 0.0 | 

4.9
0.8933
0.1257 | 1.0529 | 0.3207 | 0.0 | 0.0 | -0.6065 | 
-0.2183 | 0.2183 | 0.0 | 0.0 | 0.0 | 0.0 | 
0.2371 | -0.0547 | 0.3574 | -0.3027 | 0.0 | 
1.4503 | -1.8896 | 1.1116 | 0.7779 | -1.5708 | 
0.1251 | 1.0337 | 0.4696 | 0.0 | 0.0 | -0.6065 | 
6.0E-4 | 0.0192 | -0.1489 | 0.0 | 0.0 | 0.0 | 

5.0
0.9104
0.1056 | 1.073 | 0.3207 | 0.0 | 0.0 | -0.6065 | 
-0.2008 | 0.2008 | 0.0 | 0.0 | 0.0 | 0.0 | 
0.2105 | -0.0249 | 0.4015 | -0.3766 | 0.0 | 
1.4714 | -1.892 | 1.1518 | 0.7403 | -1.5708 | 
0.1039 | 1.0414 | 0.4632 | 0.0 | 0.0 | -0.6065 | 
0.0018 | 0.0315 | -0.1425 | 0.0 | 0.0 | 0.0 | 

5.1
0.9259
0.0873 | 1.0913 | 0.3207 | 0.0 | 0.0 | -0.6065 | 
-0.1833 | 0.1833 | 0.0 | 0.0 | 0.0 | 0.0 | 
0.1859 | 0.0013 | 0.4294 | -0.4307 | 0.0 | 
1.49 | -1.8919 | 1.1947 | 0.6972 | -1.5708 | 
0.085 | 1.0497 | 0.4558 | 0.0 | 0.0 | -0.6065 | 
0.0023 | 0.0416 | -0.1351 | 0.0 | 0.0 | 0.0 | 

5.2
0.94
0.0707 | 1.1079 | 0.3207 | 0.0 | 0.0 | -0.6065 | 
-0.1659 | 0.1659 | 0.0 | 0.0 | 0.0 | 0.0 | 
0.1631 | 0.0237 | 0.4417 | -0.4654 | 0.0 | 
1.5063 | -1.8895 | 1.2389 | 0.6506 | -1.5708 | 
0.0683 | 1.0581 | 0.4476 | 0.0 | 0.0 | -0.6065 | 
0.0024 | 0.0498 | -0.1269 | 0.0 | 0.0 | 0.0 | 

5.3
0.9526
0.0559 | 1.1227 | 0.3207 | 0.0 | 0.0 | -0.6065 | 
-0.1484 | 0.1484 | 0.0 | 0.0 | 0.0 | 0.0 | 
0.1419 | 0.0419 | 0.4394 | -0.4813 | 0.0 | 
1.5205 | -1.8854 | 1.2828 | 0.6025 | -1.5708 | 
0.0537 | 1.0663 | 0.439 | 0.0 | 0.0 | -0.6065 | 
0.0022 | 0.0565 | -0.1183 | 0.0 | 0.0 | 0.0 | 

5.4
0.9637
0.0428 | 1.1358 | 0.3207 | 0.0 | 0.0 | -0.6065 | 
-0.131 | 0.131 | 0.0 | 0.0 | 0.0 | 0.0 | 
0.1221 | 0.0556 | 0.4235 | -0.4792 | 0.0 | 
1.5327 | -1.8798 | 1.3252 | 0.5546 | -1.5708 | 
0.0409 | 1.074 | 0.4303 | 0.0 | 0.0 | -0.6065 | 
0.0018 | 0.0618 | -0.1096 | 0.0 | 0.0 | 0.0 | 

5.5
0.9733
0.0314 | 1.1472 | 0.3207 | 0.0 | 0.0 | -0.6065 | 
-0.1135 | 0.1135 | 0.0 | 0.0 | 0.0 | 0.0 | 
0.1035 | 0.0647 | 0.3953 | -0.46 | 0.0 | 
1.5431 | -1.8733 | 1.3647 | 0.5086 | -1.5708 | 
0.03 | 1.0811 | 0.4216 | 0.0 | 0.0 | -0.6065 | 
0.0014 | 0.066 | -0.1009 | 0.0 | 0.0 | 0.0 | 

5.6
0.9815
0.0218 | 1.1568 | 0.3207 | 0.0 | 0.0 | -0.6065 | 
-0.096 | 0.096 | 0.0 | 0.0 | 0.0 | 0.0 | 
0.0859 | 0.0691 | 0.3559 | -0.425 | 0.0 | 
1.5516 | -1.8664 | 1.4003 | 0.4661 | -1.5708 | 
0.0208 | 1.0874 | 0.4135 | 0.0 | 0.0 | -0.6065 | 
0.001 | 0.0694 | -0.0928 | 0.0 | 0.0 | 0.0 | 

5.7
0.9881
0.014 | 1.1646 | 0.3207 | 0.0 | 0.0 | -0.6065 | 
-0.0786 | 0.0786 | 0.0 | 0.0 | 0.0 | 0.0 | 
0.0692 | 0.0689 | 0.3065 | -0.3755 | 0.0 | 
1.5586 | -1.8595 | 1.431 | 0.4285 | -1.5708 | 
0.0134 | 1.0928 | 0.4062 | 0.0 | 0.0 | -0.6065 | 
6.0E-4 | 0.0719 | -0.0855 | 0.0 | 0.0 | 0.0 | 

5.8
0.9933
0.0079 | 1.1707 | 0.3207 | 0.0 | 0.0 | -0.6065 | 
-0.0611 | 0.0611 | 0.0 | 0.0 | 0.0 | 0.0 | 
0.0531 | 0.0647 | 0.2485 | -0.3132 | 0.0 | 
1.5639 | -1.853 | 1.4558 | 0.3972 | -1.5708 | 
0.0076 | 1.0971 | 0.4001 | 0.0 | 0.0 | -0.6065 | 
3.0E-4 | 0.0736 | -0.0794 | 0.0 | 0.0 | 0.0 | 

5.9
0.997
0.0035 | 1.1751 | 0.3207 | 0.0 | 0.0 | -0.6065 | 
-0.0437 | 0.0437 | 0.0 | 0.0 | 0.0 | 0.0 | 
0.0375 | 0.0573 | 0.1833 | -0.2406 | 0.0 | 
1.5676 | -1.8473 | 1.4741 | 0.3732 | -1.5708 | 
0.0035 | 1.1005 | 0.3954 | 0.0 | 0.0 | -0.6065 | 
0.0 | 0.0747 | -0.0747 | 0.0 | 0.0 | 0.0 | 

6.0
0.9993
9.0E-4 | 1.1777 | 0.3207 | 0.0 | 0.0 | -0.6065 | 
-0.0262 | 0.0262 | 0.0 | 0.0 | 0.0 | 0.0 | 
0.0224 | 0.0476 | 0.1125 | -0.1601 | 0.0 | 
1.5699 | -1.8426 | 1.4854 | 0.3572 | -1.5708 | 
0.001 | 1.1028 | 0.3922 | 0.0 | 0.0 | -0.6065 | 
-2.0E-4 | 0.0749 | -0.0715 | 0.0 | 0.0 | 0.0 | 

6.1
1.0
0.0 | 1.1786 | 0.3207 | 0.0 | 0.0 | -0.6065 | 
-0.0087 | 0.0087 | 0.0 | 0.0 | 0.0 | 0.0 | 
0.0074 | 0.0368 | 0.038 | -0.0748 | 0.0 | 
1.5706 | -1.8389 | 1.4892 | 0.3497 | -1.5708 | 
2.0E-4 | 1.1042 | 0.3909 | 0.0 | 0.0 | -0.6065 | 
-2.0E-4 | 0.0744 | -0.0702 | 0.0 | 0.0 | 0.0 | 

