0.1
0.0
1.1786 | 0.0 | 0.3207 | 0.0 | 0.0 | -0.6065 | 
0.0 | 0.0 | 0.0 | 0.0 | 0.0 | 0.0 | 
0.0 | 0.0 | 0.0 | 0.0 | 0.0 | 
0.0 | -1.5708 | 1.5708 | 0.0 | -1.5708 | 
1.1786 | 0.0 | 0.3207 | 0.0 | 0.0 | -0.6065 | 
0.0 | 0.0 | 0.0 | 0.0 | 0.0 | 0.0 | 

0.2
7.0E-4
1.1777 | 3.0E-4 | 0.3215 | 0.0 | 4.0E-4 | -0.6061 | 
-0.0087 | 0.0029 | 0.0083 | 0.0 | 0.0045 | 0.0045 | 
0.0025 | 0.0104 | -0.002 | -0.0085 | -0.0233 | 
2.0E-4 | -1.5698 | 1.5706 | -8.0E-4 | -1.5731 | 
1.1788 | 3.0E-4 | 0.3205 | 0.0 | 0.0 | -0.6061 | 
-0.0011 | 0.0 | 0.001 | 0.0 | 4.0E-4 | 0.0 | 

0.3
0.003
1.1751 | 0.0012 | 0.324 | 0.0 | 0.0018 | -0.6047 | 
-0.0262 | 0.0088 | 0.0249 | 0.0 | 0.0135 | 0.0135 | 
0.0075 | 0.0302 | -0.0051 | -0.0252 | -0.0698 | 
0.001 | -1.5667 | 1.5701 | -0.0034 | -1.5801 | 
1.1795 | 0.0012 | 0.3199 | 0.0 | 0.0 | -0.6047 | 
-0.0044 | 0.0 | 0.0041 | 0.0 | 0.0018 | 0.0 | 

0.4
0.0067
1.1707 | 0.0026 | 0.3282 | 0.0 | 0.004 | -0.6025 | 
-0.0437 | 0.0147 | 0.0414 | 0.0 | 0.0225 | 0.0225 | 
0.0125 | 0.0483 | -0.0045 | -0.0438 | -0.1164 | 
0.0023 | -1.5619 | 1.5696 | -0.0077 | -1.5917 | 
1.1806 | 0.0027 | 0.3189 | 0.0 | 0.0 | -0.6025 | 
-0.0099 | 0.0 | 0.0092 | 0.0 | 0.004 | 0.0 | 

0.5
0.0119
1.1646 | 0.0047 | 0.334 | 0.0 | 0.0072 | -0.5993 | 
-0.0611 | 0.0206 | 0.058 | 0.0 | 0.0314 | 0.0314 | 
0.0177 | 0.0654 | 0.0027 | -0.0684 | -0.1629 | 
0.004 | -1.5554 | 1.5699 | -0.0146 | -1.608 | 
1.1821 | 0.0048 | 0.3174 | 0.0 | 0.0 | -0.5994 | 
-0.0175 | -1.0E-4 | 0.0166 | 0.0 | 0.0072 | 0.0 | 

0.6
0.0185
1.1568 | 0.0073 | 0.3414 | 0.0 | 0.0112 | -0.5953 | 
-0.0786 | 0.0265 | 0.0746 | 0.0 | 0.0404 | 0.0404 | 
0.023 | 0.0822 | 0.0197 | -0.1024 | -0.2094 | 
0.0063 | -1.5471 | 1.5719 | -0.0248 | -1.629 | 
1.1839 | 0.0075 | 0.3151 | 1.0E-4 | 0.0 | -0.5954 | 
-0.0272 | -1.0E-4 | 0.0263 | -1.0E-4 | 0.0112 | 1.0E-4 | 

0.7
0.0267
1.1472 | 0.0106 | 0.3505 | 0.0 | 0.0162 | -0.5904 | 
-0.096 | 0.0323 | 0.0911 | 0.0 | 0.0494 | 0.0494 | 
0.0285 | 0.0989 | 0.0493 | -0.1493 | -0.2558 | 
0.0092 | -1.5372 | 1.5768 | -0.0398 | -1.6545 | 
1.1861 | 0.0109 | 0.3117 | 1.0E-4 | 0.0 | -0.5906 | 
-0.0389 | -3.0E-4 | 0.0388 | -1.0E-4 | 0.0162 | 2.0E-4 | 

0.8
0.0363
1.1358 | 0.0144 | 0.3613 | 0.0 | 0.022 | -0.5845 | 
-0.1135 | 0.0382 | 0.1077 | 0.0 | 0.0584 | 0.0584 | 
0.0342 | 0.1159 | 0.0943 | -0.212 | -0.3021 | 
0.0126 | -1.5257 | 1.5862 | -0.061 | -1.6848 | 
1.1885 | 0.015 | 0.307 | 2.0E-4 | 0.0 | -0.5849 | 
-0.0526 | -6.0E-4 | 0.0543 | -2.0E-4 | 0.022 | 4.0E-4 | 

0.9
0.0474
1.1227 | 0.0188 | 0.3737 | 0.0 | 0.0288 | -0.5778 | 
-0.131 | 0.0441 | 0.1243 | 0.0 | 0.0674 | 0.0674 | 
0.0403 | 0.1327 | 0.1572 | -0.2929 | -0.3481 | 
0.0166 | -1.5124 | 1.602 | -0.0902 | -1.7196 | 
1.191 | 0.0198 | 0.3005 | 4.0E-4 | 0.0 | -0.5785 | 
-0.0683 | -0.001 | 0.0732 | -4.0E-4 | 0.0287 | 7.0E-4 | 

1.0
0.06
1.1079 | 0.0238 | 0.3878 | 0.0 | 0.0364 | -0.5701 | 
-0.1484 | 0.05 | 0.1408 | 0.0 | 0.0764 | 0.0764 | 
0.0467 | 0.1484 | 0.2404 | -0.3935 | -0.3937 | 
0.0213 | -1.4976 | 1.626 | -0.1296 | -1.7589 | 
1.1934 | 0.0254 | 0.2919 | 7.0E-4 | 0.0 | -0.5713 | 
-0.0855 | -0.0016 | 0.0959 | -7.0E-4 | 0.0364 | 0.0011 | 

1.1
0.0741
1.0913 | 0.0294 | 0.4035 | 0.0 | 0.0449 | -0.5616 | 
-0.1659 | 0.0559 | 0.1574 | 0.0 | 0.0854 | 0.0854 | 
0.0536 | 0.1614 | 0.3462 | -0.5144 | -0.4386 | 
0.0267 | -1.4814 | 1.6606 | -0.181 | -1.8028 | 
1.1952 | 0.0319 | 0.2808 | 0.001 | 0.0 | -0.5634 | 
-0.1039 | -0.0025 | 0.1228 | -0.001 | 0.0449 | 0.0018 | 

1.2
0.0896
1.073 | 0.0356 | 0.4209 | 0.0 | 0.0544 | -0.5522 | 
-0.1833 | 0.0617 | 0.174 | 0.0 | 0.0943 | 0.0943 | 
0.0611 | 0.1683 | 0.477 | -0.655 | -0.4825 | 
0.0328 | -1.4646 | 1.7083 | -0.2465 | -1.851 | 
1.1959 | 0.0392 | 0.2669 | 0.0016 | 1.0E-4 | -0.5548 | 
-0.1229 | -0.0036 | 0.154 | -0.0016 | 0.0543 | 0.0026 | 

1.3
0.1067
1.0529 | 0.0423 | 0.44 | 0.0 | 0.0647 | -0.5418 | 
-0.2008 | 0.0676 | 0.1905 | 0.0 | 0.1033 | 0.1033 | 
0.0692 | 0.1643 | 0.636 | -0.8138 | -0.525 | 
0.0397 | -1.4482 | 1.7719 | -0.3279 | -1.9035 | 
1.1944 | 0.0474 | 0.2502 | 0.0023 | 1.0E-4 | -0.5456 | 
-0.1416 | -0.0051 | 0.1898 | -0.0023 | 0.0646 | 0.0037 | 

1.4
0.1252
1.0311 | 0.0497 | 0.4607 | 0.0 | 0.0759 | -0.5306 | 
-0.2183 | 0.0735 | 0.2071 | 0.0 | 0.1123 | 0.1123 | 
0.078 | 0.1427 | 0.8285 | -0.9897 | -0.5654 | 
0.0475 | -1.4339 | 1.8548 | -0.4269 | -1.9601 | 
1.1895 | 0.0565 | 0.2309 | 0.0032 | 2.0E-4 | -0.5358 | 
-0.1584 | -0.0068 | 0.2298 | -0.0032 | 0.0758 | 0.0052 | 

1.5
0.1452
1.0075 | 0.0576 | 0.4831 | 0.0 | 0.0881 | -0.5185 | 
-0.2357 | 0.0794 | 0.2237 | 0.0 | 0.1213 | 0.1213 | 
0.0878 | 0.0951 | 1.0645 | -1.1845 | -0.6031 | 
0.0563 | -1.4244 | 1.9612 | -0.5453 | -2.0204 | 
1.1793 | 0.0664 | 0.2094 | 0.0045 | 3.0E-4 | -0.5256 | 
-0.1718 | -0.0088 | 0.2736 | -0.0045 | 0.0878 | 0.0072 | 

1.6
0.1667
0.9822 | 0.0662 | 0.5071 | 0.0 | 0.1011 | -0.5054 | 
-0.2532 | 0.0853 | 0.2402 | 0.0 | 0.1303 | 0.1303 | 
0.0987 | 0.0117 | 1.3658 | -1.4107 | -0.637 | 
0.0661 | -1.4232 | 2.0978 | -0.6864 | -2.0841 | 
1.1615 | 0.0769 | 0.1867 | 0.0061 | 4.0E-4 | -0.5151 | 
-0.1794 | -0.0108 | 0.3204 | -0.0061 | 0.1007 | 0.0096 | 

1.7
0.1889
0.956 | 0.075 | 0.5319 | 0.0 | 0.1146 | -0.492 | 
-0.2619 | 0.0882 | 0.2485 | 0.0 | 0.1348 | 0.1348 | 
0.1073 | -0.1268 | 1.7275 | -1.6432 | -0.6444 | 
0.0769 | -1.4359 | 2.2705 | -0.8507 | -2.1485 | 
1.1335 | 0.0873 | 0.1645 | 0.0081 | 6.0E-4 | -0.5046 | 
-0.1775 | -0.0123 | 0.3674 | -0.0081 | 0.1139 | 0.0126 | 

1.8
0.2111
0.9298 | 0.0838 | 0.5568 | 0.0 | 0.128 | -0.4785 | 
-0.2619 | 0.0882 | 0.2485 | 0.0 | 0.1348 | 0.1348 | 
0.1131 | -0.3242 | 2.2411 | -1.9691 | -0.6263 | 
0.0882 | -1.4683 | 2.4946 | -1.0476 | -2.2112 | 
1.0909 | 0.0964 | 0.1442 | 0.0105 | 9.0E-4 | -0.4946 | 
-0.1611 | -0.0126 | 0.4126 | -0.0105 | 0.1271 | 0.0161 | 

1.9
0.2333
0.9036 | 0.0926 | 0.5816 | 0.0 | 0.1415 | -0.465 | 
-0.2619 | 0.0882 | 0.2485 | 0.0 | 0.1348 | 0.1348 | 
0.1193 | -0.6698 | 3.5227 | -2.9161 | -0.6048 | 
0.1001 | -1.5353 | 2.8469 | -1.3392 | -2.2716 | 
1.0159 | 0.102 | 0.1259 | 0.0133 | 0.0013 | -0.4851 | 
-0.1123 | -0.0094 | 0.4557 | -0.0133 | 0.1402 | 0.0201 | 

2.0
0.2556
0.8774 | 0.1014 | 0.6065 | 0.0 | 0.155 | -0.4515 | 
-0.2619 | 0.0882 | 0.2485 | 0.0 | 0.1348 | 0.1348 | 
0.126 | 0.0 | 0.0 | 0.0 | -0.5798 | 
0.1127 | 0.0 | 0.0 | 0.0 | -2.3296 | 
0.0 | 0.0 | 0.0 | 0.0 | 0.0 | 0.0 | 
0.0 | 0.0 | 0.0 | 0.0 | 0.0 | 0.0 | 

2.1
0.2778
0.8512 | 0.1103 | 0.6313 | 0.0 | 0.1685 | -0.438 | 
-0.2619 | 0.0882 | 0.2485 | 0.0 | 0.1348 | 0.1348 | 
0.1333 | 0.0 | 0.0 | 0.0 | -0.5509 | 
0.126 | 0.0 | 0.0 | 0.0 | -2.3847 | 
0.0 | 0.0 | 0.0 | 0.0 | 0.0 | 0.0 | 
0.0 | 0.0 | 0.0 | 0.0 | 0.0 | 0.0 | 

2.2
0.3
0.825 | 0.1191 | 0.6562 | 0.0 | 0.182 | -0.4246 | 
-0.2619 | 0.0882 | 0.2485 | 0.0 | 0.1348 | 0.1348 | 
0.1411 | 0.0 | 0.0 | 0.0 | -0.5182 | 
0.1401 | 0.0 | 0.0 | 0.0 | -2.4365 | 
0.0 | 0.0 | 0.0 | 0.0 | 0.0 | 0.0 | 
0.0 | 0.0 | 0.0 | 0.0 | 0.0 | 0.0 | 

2.3
0.3222
0.7988 | 0.1279 | 0.681 | 0.0 | 0.1954 | -0.4111 | 
-0.2619 | 0.0882 | 0.2485 | 0.0 | 0.1348 | 0.1348 | 
0.1496 | 0.0 | 0.0 | 0.0 | -0.4815 | 
0.1551 | 0.0 | 0.0 | 0.0 | -2.4847 | 
0.0 | 0.0 | 0.0 | 0.0 | 0.0 | 0.0 | 
0.0 | 0.0 | 0.0 | 0.0 | 0.0 | 0.0 | 

2.4
0.3444
0.7726 | 0.1367 | 0.7059 | 0.0 | 0.2089 | -0.3976 | 
-0.2619 | 0.0882 | 0.2485 | 0.0 | 0.1348 | 0.1348 | 
0.1588 | 0.0 | 0.0 | 0.0 | -0.4407 | 
0.171 | 0.0 | 0.0 | 0.0 | -2.5287 | 
0.0 | 0.0 | 0.0 | 0.0 | 0.0 | 0.0 | 
0.0 | 0.0 | 0.0 | 0.0 | 0.0 | 0.0 | 

2.5
0.3667
0.7464 | 0.1455 | 0.7307 | 0.0 | 0.2224 | -0.3841 | 
-0.2619 | 0.0882 | 0.2485 | 0.0 | 0.1348 | 0.1348 | 
0.1688 | 0.0 | 0.0 | 0.0 | -0.3961 | 
0.1878 | 0.0 | 0.0 | 0.0 | -2.5684 | 
0.0 | 0.0 | 0.0 | 0.0 | 0.0 | 0.0 | 
0.0 | 0.0 | 0.0 | 0.0 | 0.0 | 0.0 | 

2.6
0.3889
0.7203 | 0.1544 | 0.7556 | 0.0 | 0.2359 | -0.3707 | 
-0.2619 | 0.0882 | 0.2485 | 0.0 | 0.1348 | 0.1348 | 
0.1797 | 0.0 | 0.0 | 0.0 | -0.3476 | 
0.2058 | 0.0 | 0.0 | 0.0 | -2.6031 | 
0.0 | 0.0 | 0.0 | 0.0 | 0.0 | 0.0 | 
0.0 | 0.0 | 0.0 | 0.0 | 0.0 | 0.0 | 

2.7
0.4111
0.6941 | 0.1632 | 0.7804 | 0.0 | 0.2494 | -0.3572 | 
-0.2619 | 0.0882 | 0.2485 | 0.0 | 0.1348 | 0.1348 | 
0.1916 | 0.0 | 0.0 | 0.0 | -0.2957 | 
0.225 | 0.0 | 0.0 | 0.0 | -2.6327 | 
0.0 | 0.0 | 0.0 | 0.0 | 0.0 | 0.0 | 
0.0 | 0.0 | 0.0 | 0.0 | 0.0 | 0.0 | 

2.8
0.4333
0.6679 | 0.172 | 0.8053 | 0.0 | 0.2628 | -0.3437 | 
-0.2619 | 0.0882 | 0.2485 | 0.0 | 0.1348 | 0.1348 | 
0.2045 | 0.0 | 0.0 | 0.0 | -0.2406 | 
0.2454 | 0.0 | 0.0 | 0.0 | -2.6567 | 
0.0 | 0.0 | 0.0 | 0.0 | 0.0 | 0.0 | 
0.0 | 0.0 | 0.0 | 0.0 | 0.0 | 0.0 | 

2.9
0.4556
0.6417 | 0.1808 | 0.8301 | 0.0 | 0.2763 | -0.3302 | 
-0.2619 | 0.0882 | 0.2485 | 0.0 | 0.1348 | 0.1348 | 
0.2186 | 0.0 | 0.0 | 0.0 | -0.1829 | 
0.2673 | 0.0 | 0.0 | 0.0 | -2.675 | 
0.0 | 0.0 | 0.0 | 0.0 | 0.0 | 0.0 | 
0.0 | 0.0 | 0.0 | 0.0 | 0.0 | 0.0 | 

3.0
0.4778
0.6155 | 0.1896 | 0.855 | 0.0 | 0.2898 | -0.3167 | 
-0.2619 | 0.0882 | 0.2485 | 0.0 | 0.1348 | 0.1348 | 
0.2339 | 0.0 | 0.0 | 0.0 | -0.1231 | 
0.2907 | 0.0 | 0.0 | 0.0 | -2.6874 | 
0.0 | 0.0 | 0.0 | 0.0 | 0.0 | 0.0 | 
0.0 | 0.0 | 0.0 | 0.0 | 0.0 | 0.0 | 

3.1
0.5
0.5893 | 0.1985 | 0.8799 | 0.0 | 0.3033 | -0.3033 | 
-0.2619 | 0.0882 | 0.2485 | 0.0 | 0.1348 | 0.1348 | 
0.2506 | 0.0 | 0.0 | 0.0 | -0.0619 | 
0.3157 | 0.0 | 0.0 | 0.0 | -2.6935 | 
0.0 | 0.0 | 0.0 | 0.0 | 0.0 | 0.0 | 
0.0 | 0.0 | 0.0 | 0.0 | 0.0 | 0.0 | 

3.2
0.5222
0.5631 | 0.2073 | 0.9047 | 0.0 | 0.3167 | -0.2898 | 
-0.2619 | 0.0882 | 0.2485 | 0.0 | 0.1348 | 0.1348 | 
0.2688 | 0.0 | 0.0 | 0.0 | 0.0 | 
0.3426 | 0.0 | 0.0 | 0.0 | -2.6935 | 
0.0 | 0.0 | 0.0 | 0.0 | 0.0 | 0.0 | 
0.0 | 0.0 | 0.0 | 0.0 | 0.0 | 0.0 | 

3.3
0.5444
0.5369 | 0.2161 | 0.9296 | 0.0 | 0.3302 | -0.2763 | 
-0.2619 | 0.0882 | 0.2485 | 0.0 | 0.1348 | 0.1348 | 
0.2887 | 0.0 | 0.0 | 0.0 | 0.0619 | 
0.3715 | 0.0 | 0.0 | 0.0 | -2.6874 | 
0.0 | 0.0 | 0.0 | 0.0 | 0.0 | 0.0 | 
0.0 | 0.0 | 0.0 | 0.0 | 0.0 | 0.0 | 

3.4
0.5667
0.5107 | 0.2249 | 0.9544 | 0.0 | 0.3437 | -0.2628 | 
-0.2619 | 0.0882 | 0.2485 | 0.0 | 0.1348 | 0.1348 | 
0.3103 | 0.0 | 0.0 | 0.0 | 0.1231 | 
0.4025 | 0.0 | 0.0 | 0.0 | -2.675 | 
0.0 | 0.0 | 0.0 | 0.0 | 0.0 | 0.0 | 
0.0 | 0.0 | 0.0 | 0.0 | 0.0 | 0.0 | 

3.5
0.5889
0.4845 | 0.2337 | 0.9793 | 0.0 | 0.3572 | -0.2494 | 
-0.2619 | 0.0882 | 0.2485 | 0.0 | 0.1348 | 0.1348 | 
0.3338 | 0.0 | 0.0 | 0.0 | 0.1829 | 
0.4359 | 0.0 | 0.0 | 0.0 | -2.6567 | 
0.0 | 0.0 | 0.0 | 0.0 | 0.0 | 0.0 | 
0.0 | 0.0 | 0.0 | 0.0 | 0.0 | 0.0 | 

3.6
0.6111
0.4583 | 0.2426 | 1.0041 | 0.0 | 0.3707 | -0.2359 | 
-0.2619 | 0.0882 | 0.2485 | 0.0 | 0.1348 | 0.1348 | 
0.3592 | 0.0 | 0.0 | 0.0 | 0.2406 | 
0.4718 | 0.0 | 0.0 | 0.0 | -2.6327 | 
0.0 | 0.0 | 0.0 | 0.0 | 0.0 | 0.0 | 
0.0 | 0.0 | 0.0 | 0.0 | 0.0 | 0.0 | 

3.7
0.6333
0.4322 | 0.2514 | 1.029 | 0.0 | 0.3841 | -0.2224 | 
-0.2619 | 0.0882 | 0.2485 | 0.0 | 0.1348 | 0.1348 | 
0.3866 | 0.0 | 0.0 | 0.0 | 0.2957 | 
0.5105 | 0.0 | 0.0 | 0.0 | -2.6031 | 
0.0 | 0.0 | 0.0 | 0.0 | 0.0 | 0.0 | 
0.0 | 0.0 | 0.0 | 0.0 | 0.0 | 0.0 | 

3.8
0.6556
0.406 | 0.2602 | 1.0538 | 0.0 | 0.3976 | -0.2089 | 
-0.2619 | 0.0882 | 0.2485 | 0.0 | 0.1348 | 0.1348 | 
0.4159 | 0.0 | 6.2385 | 0.0 | 0.3476 | 
0.5521 | 0.0 | 0.0 | 0.0 | -2.5684 | 
0.0 | 0.0 | 0.0 | 0.0 | 0.0 | 0.0 | 
0.0 | 0.0 | 0.0 | 0.0 | 0.0 | 0.0 | 

3.9
0.6778
0.3798 | 0.269 | 1.0787 | 0.0 | 0.4111 | -0.1954 | 
-0.2619 | 0.0882 | 0.2485 | 0.0 | 0.1348 | 0.1348 | 
0.4471 | 0.0 | 4.1046 | 0.0 | 0.3961 | 
0.5968 | 0.0 | 0.0 | 0.0 | -2.5287 | 
0.0 | 0.0 | 0.0 | 0.0 | 0.0 | 0.0 | 
0.0 | 0.0 | 0.0 | 0.0 | 0.0 | 0.0 | 

4.0
0.7
0.3536 | 0.2778 | 1.1035 | 0.0 | 0.4246 | -0.182 | 
-0.2619 | 0.0882 | 0.2485 | 0.0 | 0.1348 | 0.1348 | 
0.4799 | 0.0 | 3.7447 | 0.0 | 0.4407 | 
0.6448 | 0.0 | 0.0 | 0.0 | -2.4847 | 
0.0 | 0.0 | 0.0 | 0.0 | 0.0 | 0.0 | 
0.0 | 0.0 | 0.0 | 0.0 | 0.0 | 0.0 | 

4.1
0.7222
0.3274 | 0.2867 | 1.1284 | 0.0 | 0.438 | -0.1685 | 
-0.2619 | 0.0882 | 0.2485 | 0.0 | 0.1348 | 0.1348 | 
0.5141 | 0.0 | 3.6417 | 0.0 | 0.4815 | 
0.6962 | 0.0 | 0.0 | 0.0 | -2.4365 | 
0.0 | 0.0 | 0.0 | 0.0 | 0.0 | 0.0 | 
0.0 | 0.0 | 0.0 | 0.0 | 0.0 | 0.0 | 

4.2
0.7444
0.3012 | 0.2955 | 1.1532 | 0.0 | 0.4515 | -0.155 | 
-0.2619 | 0.0882 | 0.2485 | 0.0 | 0.1348 | 0.1348 | 
0.549 | 0.0 | 3.5752 | 0.0 | 0.5182 | 
0.7511 | 0.0 | 0.0 | 0.0 | -2.3847 | 
0.0 | 0.0 | 0.0 | 0.0 | 0.0 | 0.0 | 
0.0 | 0.0 | 0.0 | 0.0 | 0.0 | 0.0 | 

4.3
0.7667
0.275 | 0.3043 | 1.1781 | 0.0 | 0.465 | -0.1415 | 
-0.2619 | 0.0882 | 0.2485 | 0.0 | 0.1348 | 0.1348 | 
0.5839 | 0.0 | 3.4513 | 0.0 | 0.5509 | 
0.8095 | 0.0 | 0.0 | 0.0 | -2.3296 | 
0.0 | 0.0 | 0.0 | 0.0 | 0.0 | 0.0 | 
0.0 | 0.0 | 0.0 | 0.0 | 0.0 | 0.0 | 

4.4
0.7889
0.2488 | 0.3131 | 1.2029 | 0.0 | 0.4785 | -0.128 | 
-0.2619 | 0.0882 | 0.2485 | 0.0 | 0.1348 | 0.1348 | 
0.618 | 0.0 | 3.1781 | 0.0 | 0.5798 | 
0.8713 | 0.0 | 0.0 | 0.0 | -2.2716 | 
0.0 | 0.0 | 0.0 | 0.0 | 0.0 | 0.0 | 
0.0 | 0.0 | 0.0 | 0.0 | 0.0 | 0.0 | 

4.5
0.8111
0.2226 | 0.3219 | 1.2278 | 0.0 | 0.492 | -0.1146 | 
-0.2619 | 0.0882 | 0.2485 | 0.0 | 0.1348 | 0.1348 | 
0.6499 | 0.0 | 2.607 | 0.0 | 0.6048 | 
0.9363 | 0.0 | 0.0 | 0.0 | -2.2112 | 
0.0 | 0.0 | 0.0 | 0.0 | 0.0 | 0.0 | 
0.0 | 0.0 | 0.0 | 0.0 | 0.0 | 0.0 | 

4.6
0.8333
0.1964 | 0.3308 | 1.2526 | 0.0 | 0.5054 | -0.1011 | 
-0.2619 | 0.0882 | 0.2485 | 0.0 | 0.1348 | 0.1348 | 
0.6785 | 0.0 | 1.5763 | 0.0 | 0.6263 | 
1.0041 | 0.0 | 0.0 | 0.0 | -2.1485 | 
0.0 | 0.0 | 0.0 | 0.0 | 0.0 | 0.0 | 
0.0 | 0.0 | 0.0 | 0.0 | 0.0 | 0.0 | 

4.7
0.8548
0.1711 | 0.3393 | 1.2766 | 0.0 | 0.5185 | -0.0881 | 
-0.2532 | 0.0853 | 0.2402 | 0.0 | 0.1303 | 0.1303 | 
0.6791 | 0.0 | 0.2479 | 0.0 | 0.6229 | 
1.072 | 0.0 | 0.0 | 0.0 | -2.0862 | 
0.0 | 0.0 | 0.0 | 0.0 | 0.0 | 0.0 | 
0.0 | 0.0 | 0.0 | 0.0 | 0.0 | 0.0 | 

4.8
0.8748
0.1475 | 0.3472 | 1.299 | 0.0 | 0.5306 | -0.0759 | 
-0.2357 | 0.0794 | 0.2237 | 0.0 | 0.1213 | 0.1213 | 
0.648 | 0.0 | -0.8381 | 0.0 | 0.5931 | 
1.1368 | 0.0 | 0.0 | 0.0 | -2.0269 | 
0.0 | 0.0 | 0.0 | 0.0 | 0.0 | 0.0 | 
0.0 | 0.0 | 0.0 | 0.0 | 0.0 | 0.0 | 

4.9
0.8933
0.1257 | 0.3546 | 1.3197 | 0.0 | 0.5418 | -0.0647 | 
-0.2183 | 0.0735 | 0.2071 | 0.0 | 0.1123 | 0.1123 | 
0.6087 | 0.0 | -1.513 | 0.0 | 0.5584 | 
1.1977 | 0.0 | 0.0 | 0.0 | -1.9711 | 
0.0 | 0.0 | 0.0 | 0.0 | 0.0 | 0.0 | 
0.0 | 0.0 | 0.0 | 0.0 | 0.0 | 0.0 | 

5.0
0.9104
0.1056 | 0.3613 | 1.3388 | 0.0 | 0.5522 | -0.0544 | 
-0.2008 | 0.0676 | 0.1905 | 0.0 | 0.1033 | 0.1033 | 
0.5631 | 0.0 | -1.9311 | 0.0 | 0.5202 | 
1.254 | 0.0 | 0.0 | 0.0 | -1.9191 | 
0.0 | 0.0 | 0.0 | 0.0 | 0.0 | 0.0 | 
0.0 | 0.0 | 0.0 | 0.0 | 0.0 | 0.0 | 

5.1
0.9259
0.0873 | 0.3675 | 1.3562 | 0.0 | 0.5616 | -0.0449 | 
-0.1833 | 0.0617 | 0.174 | 0.0 | 0.0943 | 0.0943 | 
0.5135 | 0.0 | -2.2197 | 0.0 | 0.4793 | 
1.3053 | 0.0 | 0.0 | 0.0 | -1.8711 | 
0.0 | 0.0 | 0.0 | 0.0 | 0.0 | 0.0 | 
0.0 | 0.0 | 0.0 | 0.0 | 0.0 | 0.0 | 

5.2
0.94
0.0707 | 0.3731 | 1.3719 | 0.0 | 0.5701 | -0.0364 | 
-0.1659 | 0.0559 | 0.1574 | 0.0 | 0.0854 | 0.0854 | 
0.4614 | 0.0 | -2.4477 | 0.0 | 0.4365 | 
1.3515 | 0.0 | 0.0 | 0.0 | -1.8275 | 
0.0 | 0.0 | 0.0 | 0.0 | 0.0 | 0.0 | 
0.0 | 0.0 | 0.0 | 0.0 | 0.0 | 0.0 | 

5.3
0.9526
0.0559 | 0.3781 | 1.386 | 0.0 | 0.5778 | -0.0288 | 
-0.1484 | 0.05 | 0.1408 | 0.0 | 0.0764 | 0.0764 | 
0.4085 | 0.0 | -2.6497 | 0.0 | 0.3924 | 
1.3923 | 0.0 | 0.0 | 0.0 | -1.7882 | 
0.0 | 0.0 | 0.0 | 0.0 | 0.0 | 0.0 | 
0.0 | 0.0 | 0.0 | 0.0 | 0.0 | 0.0 | 

5.4
0.9637
0.0428 | 0.3825 | 1.3984 | 0.0 | 0.5845 | -0.022 | 
-0.131 | 0.0441 | 0.1243 | 0.0 | 0.0674 | 0.0674 | 
0.3558 | 0.0 | -2.8428 | 0.0 | 0.3473 | 
1.4279 | 0.0 | 0.0 | 0.0 | -1.7535 | 
0.0 | 0.0 | 0.0 | 0.0 | 0.0 | 0.0 | 
0.0 | 0.0 | 0.0 | 0.0 | 0.0 | 0.0 | 

5.5
0.9733
0.0314 | 0.3863 | 1.4092 | 0.0 | 0.5904 | -0.0162 | 
-0.1135 | 0.0382 | 0.1077 | 0.0 | 0.0584 | 0.0584 | 
0.3041 | 0.0 | -3.035 | 0.0 | 0.3017 | 
1.4583 | 0.0 | 0.0 | 0.0 | -1.7233 | 
0.0 | 0.0 | 0.0 | 0.0 | 0.0 | 0.0 | 
0.0 | 0.0 | 0.0 | 0.0 | 0.0 | 0.0 | 

5.6
0.9815
0.0218 | 0.3896 | 1.4183 | 0.0 | 0.5953 | -0.0112 | 
-0.096 | 0.0323 | 0.0911 | 0.0 | 0.0494 | 0.0494 | 
0.2537 | 0.0 | -3.2285 | 0.0 | 0.2556 | 
1.4837 | 0.0 | 0.0 | 0.0 | -1.6978 | 
0.0 | 0.0 | 0.0 | 0.0 | 0.0 | 0.0 | 
0.0 | 0.0 | 0.0 | 0.0 | 0.0 | 0.0 | 

5.7
0.9881
0.014 | 0.3922 | 1.4257 | 0.0 | 0.5993 | -0.0072 | 
-0.0786 | 0.0265 | 0.0746 | 0.0 | 0.0404 | 0.0404 | 
0.2049 | 0.0 | -3.4223 | 0.0 | 0.2093 | 
1.5042 | 0.0 | 0.0 | 0.0 | -1.6768 | 
0.0 | 0.0 | 0.0 | 0.0 | 0.0 | 0.0 | 
0.0 | 0.0 | 0.0 | 0.0 | 0.0 | 0.0 | 

5.8
0.9933
0.0079 | 0.3943 | 1.4315 | 0.0 | 0.6025 | -0.004 | 
-0.0611 | 0.0206 | 0.058 | 0.0 | 0.0314 | 0.0314 | 
0.1575 | 0.0 | -3.6121 | 0.0 | 0.1629 | 
1.5199 | 0.0 | 0.0 | 0.0 | -1.6606 | 
0.0 | 0.0 | 0.0 | 0.0 | 0.0 | 0.0 | 
0.0 | 0.0 | 0.0 | 0.0 | 0.0 | 0.0 | 

5.9
0.997
0.0035 | 0.3957 | 1.4357 | 0.0 | 0.6047 | -0.0018 | 
-0.0437 | 0.0147 | 0.0414 | 0.0 | 0.0225 | 0.0225 | 
0.1114 | 0.0 | -3.7918 | 0.0 | 0.1163 | 
1.5311 | 0.0 | 0.0 | 0.0 | -1.6489 | 
0.0 | 0.0 | 0.0 | 0.0 | 0.0 | 0.0 | 
0.0 | 0.0 | 0.0 | 0.0 | 0.0 | 0.0 | 

6.0
0.9993
9.0E-4 | 0.3966 | 1.4382 | 0.0 | 0.6061 | -4.0E-4 | 
-0.0262 | 0.0088 | 0.0249 | 0.0 | 0.0135 | 0.0135 | 
0.0664 | 0.0 | -3.954 | 0.0 | 0.0698 | 
1.5377 | 0.0 | 0.0 | 0.0 | -1.6419 | 
0.0 | 0.0 | 0.0 | 0.0 | 0.0 | 0.0 | 
0.0 | 0.0 | 0.0 | 0.0 | 0.0 | 0.0 | 

6.1
1.0
0.0 | 0.3969 | 1.439 | 0.0 | 0.6065 | 0.0 | 
-0.0087 | 0.0029 | 0.0083 | 0.0 | 0.0045 | 0.0045 | 
0.022 | 0.0 | -4.0909 | 0.0 | 0.0233 | 
1.5399 | 0.0 | 0.0 | 0.0 | -1.6396 | 
0.0 | 0.0 | 0.0 | 0.0 | 0.0 | 0.0 | 
0.0 | 0.0 | 0.0 | 0.0 | 0.0 | 0.0 | 

